0.0277803, 0.0305253, 0.0284305, 0.0291951, 0.0282833, 0.0298527, 0.0286833, 0.0295156, 0.0279915, 0.0294202, 
0.031052, 0.0202939, 0.0156028, 0.0159405, 0.015874, 0.0156835, 0.0157284, 0.0163543, 0.0231594, 0.0267433, 
0.018056, 0.0212776, 0.0209445, 0.0235316, 0.0251376, 0.028483, 0.016689, 0.012371, 0.0121378, 0.0117896, 
0.0141896, 0.0132931, 0.0132331, 0.0132845, 0.0123323, 0.011236, 0.0109577, 0.0121793, 0.0115089, 0.0113435, 
0.0118127, 0.0106887, 0.0106436, 0.0106213, 0.0106861, 0.0106534, 0.0107197, 0.010723, 0.0106674, 0.0106495, 
0.010028, 0.00924589, 0.00904, 0.00899695, 0.0088968, 0.0089987, 0.00893772, 0.00893561, 0.00894162, 0.00911007, 
0.0106536, 0.00836509, 0.00838379, 0.00807499, 0.00960392, 0.00882856, 0.00936169, 0.00841625, 0.00963344, 0.00866116, 
0.0141055, 0.0127024, 0.0119784, 0.0111637, 0.0109484, 0.0106698, 0.0127491, 0.012193, 0.0126473, 0.0144312, 
0.0112236, 0.0103331, 0.0104781, 0.00999634, 0.0109669, 0.0106825, 0.00971698, 0.0112778, 0.0111362, 0.0114966, 
0.0110935, 0.00908237, 0.0105157, 0.0111252, 0.0113262, 0.00914784, 0.00937737, 0.00914116, 0.00925368, 0.00911171, 
0.0114933, 0.00895758, 0.00907873, 0.00971276, 0.00982909, 0.00983908, 0.0084366, 0.00897361, 0.00981863, 0.00990819, 
0.0108058, 0.0097367, 0.00989106, 0.00893379, 0.00891984, 0.0105087, 0.0090424, 0.00909489, 0.00861357, 0.00941346, 
0.00995293, 0.00884187, 0.00937048, 0.00911278, 0.00964449, 0.00913365, 0.00898086, 0.010726, 0.00905742, 0.00864192, 
0.0104791, 0.00860323, 0.00819555, 0.00879215, 0.00839902, 0.00861228, 0.0080066, 0.0100171, 0.00833793, 0.0082678, 
0.00999484, 0.00928775, 0.00917196, 0.00916477, 0.00937223, 0.00919208, 0.00983888, 0.00935531, 0.00968281, 0.00957899, 
0.00990218, 0.00940809, 0.00907649, 0.00986419, 0.0088553, 0.0101178, 0.00906618, 0.0096146, 0.00907064, 0.00871378, 
